  354
   1     0   0.588235          0    1    12 0.533333
   1     1   0.333333          0    1    12 0.333333
   1     2        0.5          0    1    16 0.416667
   1     3   0.727273          0    2    13    15 0.375  0.5
   1     4     1.3125          0    1    16 1.19167
   1     5      0.975          0    1    14 0.961538
   1     6    1.10938          0    1    15 0.983871
   1     7       0.25          0    1    18 0.25
   1     8   0.571429          0    1    18 0.571429
   1     9      0.375          0    1    17 0.333333
   1    10     1.0625          0    1    18 1.02273
   1    11   0.966667          0    1    19    1
   0    12      0.625          1    4     0     1    20    23 0.533333 0.333333 0.631579 0.333333
   0    13       0.75          1    2     3    21 0.375 0.666667
   0    14    0.96875          1    2     5    23 0.961538 0.833333
   0    15    1.05556          1    3     3     6    22  0.5 0.983871 0.807692
   0    16    1.29054          1    5     4     2    23    23    23 1.19167 0.416667 1.29688 0.25 0.25
   0    17   0.333333          1    2     9    24 0.333333 0.333333
   0    18    1.33871          1    5     8     7    10    25    25 0.571429 0.25 1.02273 1.26 0.25
   0    19    1.10714          1    2    11    26    1 1.08929
   0    20   0.666667          2    2    12    29 0.631579 0.666667
   0    21   0.777778          2    2    13    27 0.666667 0.666667
   0    22   0.846154          2    2    15    28 0.807692 0.666667
   0    23    1.59302          2    7    16    16    14    12    16    29    29 1.29688 0.25 0.833333 0.333333 0.25 1.20556 0.25
   0    24   0.333333          2    2    17    31 0.333333 0.333333
   0    25    1.17742          2    5    18    18    31    32    30 1.26 0.25 0.769231 0.25 0.333333
   0    26    1.24194          2    2    19    33 1.08929 1.08065
   0    27   0.916667          3    2    21    35 0.666667    1
   0    28    0.65625          3    2    22    37 0.666667 0.642857
   0    29    1.30882          3    6    23    20    23    38    36    34 1.20556 0.666667 0.25 1.1875 0.375 0.333333
   0    30        0.7          3    2    25    39 0.333333 0.611111
   0    31   0.758065          3    4    25    24    41    43 0.769231 0.333333 0.875 0.458333
   0    32   0.428571          3    2    25    45 0.25 0.375
   0    33    1.18056          3    4    26    42    44    44 1.08065 1.04167 0.96875 0.25
   0    34   0.333333          4    2    29    47 0.333333  0.2
   0    35   0.958333          4    2    27    48    1 0.958333
   0    36        0.5          4    2    29    47 0.375 0.333333
   0    37     0.8125          4    2    28    49 0.642857 0.666667
   0    38    1.39205          4    4    29    51    46    50 1.1875 1.05952 1.38571 0.416667
   0    39       0.75          4    2    30    52 0.611111 0.777778
   0    40   0.704545          4    2    54    54 0.666667 0.538462
   0    41   0.923077          4    3    31    53    53 0.875    1 0.25
   0    42          1          4    2    33    54 1.04167 0.909091
   0    43   0.730769          4    2    31    56 0.458333 0.636364
   0    44   0.982759          4    3    33    33    55 0.96875 0.25 0.910714
   0    45       0.75          4    2    32    56 0.375  0.5
   0    46    1.48649          5    2    38    57 1.38571 0.983333
   0    47   0.428571          5    2    36    34 0.333333  0.2
   0    48        1.2          5    2    35    58 0.958333 1.125
   0    49   0.766667          5    2    37    59 0.666667 0.818182
   0    50   0.416667          5    2    38    60 0.416667 0.25
   0    51     1.3125          5    2    38    60 1.05952 1.10811
   0    52   0.964286          5    2    39    61 0.777778 0.884615
   0    53   0.866667          5    3    41    41    66    1 0.25 0.733333
   0    54   0.916667          5    5    40    42    40    62    62 0.666667 0.909091 0.538462 0.642857 0.765625
   0    55    1.22414          5    2    44    65 0.910714 1.12069
   0    56   0.690476          5    4    45    43    66    63  0.5 0.636364 0.428571 0.375
   0    57   0.984375          6    3    46    67    68 0.983333  0.4 0.973684
   0    58      1.125          6    2    48    69 1.125 1.09091
   0    59   0.964286          6    2    49    72 0.818182 0.821429
   0    60    1.17949          6    5    51    50    76    71    70 1.10811 0.25 0.868421    1 0.375
   0    61          1          6    2    52    73 0.884615 1.04167
   0    62   0.916667          6    3    54    54    76 0.642857 0.765625 0.857143
   0    63      0.375          6    2    56    79 0.375 0.333333
   0    64   0.727273          6    2    78    78 0.714286 0.375
   0    65    1.29032          6    5    55    77    75    75    75 1.12069 1.55263 0.25 0.583333 0.25
   0    66   0.857143          6    3    53    56    79 0.733333 0.428571 0.75
   0    67   0.416667          7    2    57    80  0.4 0.375
   0    68          1          7    2    57    81 0.973684 0.736842
   0    69          1          7    2    58    82 1.09091    1
   0    70      0.375          7    2    60    85 0.375 0.25
   0    71   0.888889          7    3    60    83    85    1 0.25 0.714286
   0    72   0.866667          7    2    59    84 0.821429 0.818182
   0    73    0.96875          7    2    61    86 1.04167 0.916667
   0    74   0.611111          7    2    90    90 0.25  0.5
   0    75   0.666667          7    3    65    65    65 0.25 0.583333 0.25
   0    76     1.1746          7    4    60    62    83    91 0.868421 0.857143 0.769231 0.989583
   0    77      1.625          7    2    65    92 1.55263 1.44737
   0    78       0.75          7    5    64    64    93    90    88 0.714286 0.375 0.722222 0.333333 0.25
   0    79   0.891304          7    7    66    63    88    87    89    94    94 0.75 0.333333 0.25  0.5 0.333333  0.5 0.375
   0    80        0.6          8    2    67    95 0.375 0.363636
   0    81   0.772727          8    2    68    95 0.736842 0.375
   0    82    1.17857          8    2    69    96    1 1.14286
   0    83   0.794118          8    5    76    71    97    97    97 0.769231 0.25 0.45  0.4 0.25
   0    84   0.818182          8    2    72    98 0.818182 0.55
   0    85   0.684211          8    3    71    70    99 0.714286 0.25 0.375
   0    86    0.84375          8    2    73   100 0.916667 0.866667
   0    87   0.571429          8    2    79   107  0.5  0.5
   0    88      0.375          8    2    78    79 0.25 0.25
   0    89   0.333333          8    2    79   107 0.333333 0.333333
   0    90    0.76087          8    5    74    74    78   103   101 0.25  0.5 0.333333 0.625 0.25
   0    91    1.19565          8    5    76   102   105   104   104 0.989583 1.15278 0.583333 0.25 0.25
   0    92    1.34091          8    2    77   105 1.44737 1.35294
   0    93   0.909091          8    2    78   106 0.722222 0.65
   0    94   0.590909          8    3    79    79   107  0.5 0.375  0.6
   0    95   0.833333          9    3    80    81   108 0.363636 0.375 0.826087
   0    96    1.38235          9    2    82   109 1.14286 1.20588
   0    97   0.588235          9    4    83    83    83   116 0.45  0.4 0.25 0.555556
   0    98       0.55          9    2    84   111 0.55 0.25
   0    99        0.4          9    2    85   110 0.375 0.25
   0   100   0.861111          9    2    86   112 0.866667 0.852941
   0   101       0.25          9    2    90   114 0.25 0.25
   0   102    1.40278          9    4    91   116   116   113 1.15278 1.43548 0.333333 0.375
   0   103       0.95          9    3    90   114   114 0.625 0.375 1.03571
   0   104   0.416667          9    4    91    91   116   116 0.25 0.25 0.25 0.333333
   0   105    1.18519          9    4    91    92   116   116 0.583333 1.35294 0.722222 1.14706
   0   106        0.7          9    2    93   115 0.65  0.4
   0   107   0.807692          9    4    87    89    94   117  0.5 0.333333  0.6  0.7
   0   108    1.12195         10    2    95   118 0.826087 1.02564
   0   109    1.14286         10    2    96   119 1.20588 1.02941
   0   110       0.25         10    2    99   125 0.25 0.25
   0   111   0.333333         10    2    98   120 0.25 0.25
   0   112    1.19444         10    3   100   121   121 0.852941  0.5 1.16667
   0   113        0.5         10    2   102   125 0.375  0.5
   0   114    1.14286         10    4   103   101   103   121 0.375 0.25 1.03571 1.07143
   0   115        0.4         10    3   106   123   123  0.4 0.25 0.25
   0   116     1.6129         10   11    97   102   105   104   104   105   102   125   124   125   122 0.555556 1.43548 0.722222 0.25 0.333333 1.14706 0.333333 1.64286 0.416667 1.33333 0.25
   0   117   0.833333         10    4   107   126   121   126  0.7 0.956522  0.4 0.333333
   0   118    1.07692         11    2   108   127 1.02564 0.777778
   0   119   0.973684         11    2   109   128 1.02941 0.611111
   0   120        0.6         11    2   111   130 0.25  0.5
   0   121        1.3         11    7   114   112   117   112   132   130   132 1.07143  0.5  0.4 1.16667 1.34483 1.13158 0.25
   0   122      0.375         11    2   116   134 0.25 0.375
   0   123      0.375         11    3   115   115   132 0.25 0.25 0.375
   0   124   0.416667         11    2   116   133 0.416667 0.25
   0   125    1.69403         11    6   116   110   116   113   131   134 1.64286 0.25 1.33333  0.5 1.63725 1.23684
   0   126          1         11    4   117   117   135   132 0.956522 0.333333 1.10714 0.428571
   0   127   0.829787         12    2   118   136 0.777778 0.674419
   0   128   0.611111         12    2   119   137 0.611111  0.5
   0   129        0.5         12    2   138   138 0.333333 0.375
   0   130    1.05357         12    5   121   120   140   140   141 1.13158  0.5 0.25 0.25 1.09375
   0   131    1.89286         12    3   125   142   139 1.63725 2.10227 0.25
   0   132    1.16667         12    6   121   123   126   121   143   146 1.34483 0.375 0.428571 0.25 1.16304  0.5
   0   133       0.25         12    2   124   144 0.25 0.25
   0   134    1.41304         12    3   125   122   145 1.23684 0.375 0.947368
   0   135    1.16667         12    2   126   146 1.10714 1.10714
   0   136   0.813953         13    3   127   147   147 0.674419 0.944444 0.555556
   0   137        0.5         13    2   128   150  0.5 0.25
   0   138   0.541667         13    3   129   129   154 0.333333 0.375 0.55
   0   139       0.25         13    2   131   154 0.25 0.25
   0   140      0.375         13    2   130   130 0.25 0.25
   0   141    1.08333         13    2   130   151 1.09375 0.892857
   0   142       2.25         13    2   131   154 2.10227 2.08511
   0   143    1.32653         13    2   132   152 1.16304 1.31395
   0   144      0.375         13    2   133   153 0.25 0.375
   0   145       0.95         13    2   134   154 0.947368  0.9
   0   146   0.978261         13    3   135   132   155 1.10714  0.5 0.928571
   0   147   0.804348         14    3   136   136   158 0.944444 0.555556 0.823529
   0   148    1.15789         14    2   156   156 0.333333 1.28571
   0   149    0.53125         14    2   156   157  0.5 0.375
   0   150       0.25         14    2   137   157 0.25 0.25
   0   151   0.892857         14    2   141   160 0.892857 0.75
   0   152    1.64634         14    2   143   163 1.31395 1.72857
   0   153   0.428571         14    2   144   162 0.375 0.428571
   0   154     1.8631         14    8   142   145   139   138   161   162   162   159 2.08511  0.9 0.25 0.55 2.37805 0.333333 0.973684 0.785714
   0   155   0.933333         14    2   146   164 0.928571 0.958333
   0   156    1.05882         15    6   149   148   148   165   165   165  0.5 0.333333 1.28571 0.88    1 0.375
   0   157    1.20513         15    4   150   149   166   166 0.25 0.375 1.28 0.681818
   0   158    1.10227         15    2   147   167 0.823529 0.976744
   0   159   0.909091         15    2   154   168 0.785714  0.9
   0   160   0.833333         15    2   151   169 0.75 0.653846
   0   161    2.45122         15    2   154   171 2.37805 1.91667
   0   162    1.06667         15    7   153   154   154   170   172   171   171 0.428571 0.333333 0.973684 0.25 0.733333 1.10714 0.25
   0   163    1.93023         15    2   152   173 1.72857 1.76744
   0   164    1.08333         15    2   155   174 0.958333 1.08333
   0   165    1.03077         16    4   156   156   156   178 0.88    1 0.375 0.763158
   0   166    1.41667         16    4   157   157   176   178 1.28 0.681818 1.14    1
   0   167    1.38462         16    5   158   177   175   175   175 0.976744 1.24324  0.2 0.25 0.333333
   0   168    1.31818         16    2   159   179  0.9 1.29545
   0   169   0.642857         16    2   160   180 0.653846 0.454545
   0   170       0.25         16    2   162   181 0.25 0.25
   0   171    1.93396         16    5   161   162   162   181   179 1.91667 1.10714 0.25 1.82558 0.722222
   0   172    0.71875         16    3   162   181   181 0.733333 0.666667 0.625
   0   173    1.85227         16    2   163   182 1.76744 1.7619
   0   174    1.08333         16    2   164   183 1.08333    1
   0   175        0.4         17    4   167   167   167   184  0.2 0.25 0.333333 0.363636
   0   176       1.15         17    3   166   185   185 1.14 0.785714 0.684211
   0   177     1.3625         17    4   167   184   189   189 1.24324  0.5 1.41379 0.375
   0   178    1.18367         17    3   166   165   186    1 0.763158 1.13333
   0   179    1.45455         17    3   168   171   189 1.29545 0.722222 1.40909
   0   180   0.538462         17    3   169   191   188 0.454545 0.571429 0.375
   0   181    1.57937         17    5   171   170   172   172   189 1.82558 0.25 0.666667 0.625 1.55455
   0   182    1.66667         17    5   173   190   187   190   190 1.7619  0.5 0.25  0.4 1.65
   0   183    1.19231         17    2   174   191    1 1.03846
   0   184   0.478261         18    3   177   175   192  0.5 0.363636 0.411765
   0   185   0.804348         18    4   176   176   193   193 0.785714 0.684211 0.571429 0.777778
   0   186    1.32979         18    2   178   194 1.13333 1.33333
   0   187        0.4         18    2   182   196 0.25 0.333333
   0   188      0.375         18    2   180   199 0.375 0.375
   0   189    1.90187         18    7   181   177   179   177   200   196   196 1.55455 1.41379 1.40909 0.375 1.84286 1.56557 0.375
   0   190    1.48039         18    9   182   182   182   198   195   198   197   201   201  0.5  0.4 1.65  0.5 0.25  0.5 0.333333 1.57353 0.333333
   0   191          1         18    3   183   180   202 1.03846 0.571429 0.95
   0   192   0.411765         19    2   184   203 0.411765 0.363636
   0   193   0.833333         19    2   185   185 0.571429 0.777778
   0   194    1.38462         19    2   186   204 1.33333 1.18056
   0   195       0.25         19    2   190   205 0.25 0.25
   0   196    1.59701         19    4   189   189   187   205 1.56557 0.375 0.333333 1.58537
   0   197   0.333333         19    2   190   205 0.333333 0.333333
   0   198      0.625         19    4   190   190   205   205  0.5  0.5 0.666667 0.333333
   0   199      0.375         19    2   188   208 0.375 0.375
   0   200    1.94118         19    2   189   206 1.84286 1.8125
   0   201    1.48718         19    3   190   190   207 1.57353 0.333333 1.33824
   0   202    1.04762         19    2   191   208 0.95 0.952381
   0   203        0.4         20    2   192   209 0.363636 0.416667
   0   204     1.2125         20    2   194   210 1.18056  0.5
   0   205    1.45312         20    6   196   198   195   197   198   211 1.58537 0.666667 0.25 0.333333 0.333333 1.43103
   0   206    1.93548         20    2   200   212 1.8125 1.34722
   0   207    1.57812         20    2   201   213 1.33824 1.37931
   0   208          1         20    3   202   199   214 0.952381 0.375 0.903846
   0   209        0.5         21    2   203   215 0.416667  0.4
   0   210        0.6         21    2   204   216  0.5  0.6
   0   211    1.93878         21    2   205   217 1.43103 1.26316
   0   212        1.4         21    2   206   219 1.34722 1.20968
   0   213    1.46774         21    2   207   220 1.37931 1.18333
   0   214    1.13333         21    2   208   218 0.903846    1
   0   215   0.384615         22    2   209   221  0.4  0.4
   0   216   0.791667         22    2   210   222  0.6 0.642857
   0   217    1.38393         22    3   211   223   224 1.26316 1.26389 0.714286
   0   218       1.25         22    2   214   225    1 1.23077
   0   219    1.36207         22    2   212   226 1.20968 1.33333
   0   220       1.25         22    3   213   227   227 1.18333  1.2 0.666667
   0   221       0.45         23    4   215   228   230   229  0.4 0.285714 0.25 0.375
   0   222   0.642857         23    2   216   231 0.642857  0.5
   0   223    1.19565         23    3   217   232   233 1.26389 0.846154 0.666667
   0   224       0.75         23    2   217   233 0.714286 0.777778
   0   225    1.37037         23    2   218   234 1.23077 1.19643
   0   226    1.46296         23    3   219   235   236 1.33333 1.21154 0.25
   0   227    1.42308         23    2   220   220  1.2 0.666667
   0   228   0.285714         24    2   221   237 0.285714 0.285714
   0   229      0.375         24    2   221   237 0.375 0.375
   0   230        0.5         24    2   221   237 0.25  0.5
   0   231        0.5         24    2   222   238  0.5 0.375
   0   232    1.08333         24    2   223   239 0.846154 0.6875
   0   233   0.857143         24    3   223   224   240 0.666667 0.777778 0.607143
   0   234       1.25         24    3   225   242   241 1.19643 1.01724 0.25
   0   235     1.2037         24    2   226   243 1.21154 0.883333
   0   236       0.25         24    2   226   243 0.25 0.25
   0   237        0.6         25    4   228   230   229   244 0.285714  0.5 0.375 0.619048
   0   238   0.428571         25    2   231   245 0.375 0.375
   0   239      0.625         25    2   232   246 0.6875 0.428571
   0   240      0.625         25    2   233   247 0.607143 0.590909
   0   241      0.375         25    2   234   250 0.25 0.375
   0   242   0.971154         25    4   234   250   250   250 1.01724 0.865385 0.884615 0.25
   0   243    0.96875         25    5   235   236   252   251   249 0.883333 0.25 0.977273 0.25 0.25
   0   244    0.73913         26    2   237   253 0.619048 0.684211
   0   245   0.722222         26    2   238   255 0.375 0.6875
   0   246   0.636364         26    2   239   256 0.428571  0.5
   0   247   0.642857         26    2   240   257 0.590909 0.653846
   0   248      0.375         26    2   260   260 0.25 0.25
   0   249       0.25         26    2   243   258 0.25 0.25
   0   250    0.98913         26    7   242   241   242   242   260   259   260 0.865385 0.375 0.884615 0.25 0.909091 0.25 0.735294
   0   251   0.333333         26    2   243   261 0.25 0.333333
   0   252          1         26    3   243   261   258 0.977273    1 0.25
   0   253   0.833333         27    2   244   262 0.684211  0.9
   0   254   0.576923         27    2   263   263  0.4 0.25
   0   255   0.681818         27    3   245   265   264 0.6875 0.333333 0.5625
   0   256     0.5625         27    2   246   266  0.5 0.571429
   0   257    1.05882         27    2   247   267 0.653846 0.941176
   0   258        0.4         27    3   252   249   268 0.25 0.25 0.375
   0   259       0.25         27    2   250   269 0.25 0.25
   0   260    1.12037         27    5   248   248   250   250   269 0.25 0.25 0.909091 0.735294 0.990196
   0   261    1.03125         27    3   252   251   268    1 0.333333    1
   0   262   0.954545         28    2   253   270  0.9 0.909091
   0   263        0.5         28    3   254   254   271  0.4 0.25 0.25
   0   264     0.5625         28    2   255   272 0.5625  0.4
   0   265      0.375         28    2   255   273 0.333333 0.333333
   0   266   0.722222         28    2   256   274 0.571429 0.642857
   0   267    1.29412         28    2   257   275 0.941176  1.3
   0   268    1.05556         28    3   261   258   276    1 0.375    1
   0   269    1.28448         28    3   260   259   277 0.990196 0.25 1.10345
   0   270   0.954545         29    2   262   278 0.909091    1
   0   271       0.25         29    2   263   280 0.25 0.25
   0   272        0.5         29    2   264   279  0.4  0.5
   0   273   0.333333         29    2   265   279 0.333333 0.333333
   0   274   0.925926         29    3   266   280   280 0.642857 0.931818 0.25
   0   275    1.36111         29    2   267   281  1.3 1.34375
   0   276          1         29    3   268   282   282    1 0.75 0.375
   0   277    1.30645         29    2   269   283 1.10345 1.24167
   0   278          1         30    2   270   284    1  0.9
   0   279   0.911765         30    5   272   273   285   285   285  0.5 0.333333    1 0.25 0.333333
   0   280    1.28333         30    4   274   274   271   286 0.931818 0.25 0.25 1.19355
   0   281    1.39474         30    2   275   287 1.34375 1.25
   0   282       0.75         30    2   276   276 0.75 0.375
   0   283    1.58621         30    4   277   287   289   288 1.24167 1.81429 0.633333 0.333333
   0   284       1.05         31    2   278   290  0.9 0.944444
   0   285      0.975         31    4   279   279   279   291    1 0.25 0.333333 1.03333
   0   286     1.4375         31    2   280   292 1.19355 1.48333
   0   287    1.75758         31    3   281   283   293 1.25 1.81429 1.35714
   0   288   0.333333         31    2   283   293 0.333333 0.25
   0   289    0.71875         31    3   283   293   293 0.633333 0.25 0.25
   0   290       0.95         32    2   284   294 0.944444 0.875
   0   291    1.02083         32    2   285   295 1.03333 0.840909
   0   292    1.78125         32    2   286   296 1.48333 1.40625
   0   293    1.37356         32    4   287   289   289   288 1.35714 0.25 0.25 0.25
   0   294        0.9         33    2   290   297 0.875 0.809524
   0   295    1.14286         33    2   291   298 0.840909 1.09375
   0   296    1.48571         33    2   292   299 1.40625 1.17568
   0   297    0.83871         34    2   294   301 0.809524 0.615385
   0   298          1         34    2   295   300 1.09375 1.125
   0   299    1.32143         34    3   296   302   302 1.17568 1.2973 0.25
   0   300    1.16667         35    2   298   304 1.125 0.766667
   0   301   0.642857         35    2   297   303 0.615385 0.666667
   0   302        1.3         35    4   299   299   305   305 1.2973 0.25 1.27551 0.25
   0   303   0.666667         36    2   301   306 0.666667  0.2
   0   304       0.75         36    2   300   307 0.766667 0.571429
   0   305     1.7451         36    3   302   302   308 1.27551 0.25 1.7234
   0   306   0.285714         37    2   303   310  0.2 0.285714
   0   307   0.714286         37    2   304   309 0.571429  0.6
   0   308    1.80172         37    2   305   310 1.7234 1.70909
   0   309   0.615385         38    2   307   311  0.6 0.363636
   0   310    1.98413         38    3   306   308   312 0.285714 1.70909 1.67742
   0   311        0.4         39    2   309   313 0.363636 0.25
   0   312    1.90984         39    2   310   314 1.67742 2.03061
   0   313   0.416667         40    2   311   315 0.25 0.416667
   0   314     1.7803         40    3   312   316   316 2.03061 1.63846 0.384615
   0   315   0.852941         41    2   313   317 0.416667 0.823529
   0   316    1.86232         41    4   314   314   319   318 1.63846 0.384615 1.76613 0.722222
   0   317    1.07692         42    2   315   321 0.823529 0.961538
   0   318   0.657895         42    3   316   322   320 0.722222 0.708333  0.5
   0   319    1.80147         42    3   316   323   322 1.76613 2.03846  0.5
   0   320        0.5         43    2   318   324  0.5  0.4
   0   321    1.08571         43    2   317   326 0.961538 0.942857
   0   322   0.805556         43    3   319   318   325  0.5 0.708333 0.821429
   0   323       2.25         43    2   319   327 2.03846 1.68333
   0   324        0.5         44    2   320   330  0.4  0.5
   0   325   0.964286         44    2   322   330 0.821429 0.909091
   0   326    1.07143         44    6   321   328   328   329   329   332 0.942857 0.25 0.25 0.730769  0.9 1.04167
   0   327    1.76515         44    2   323   333 1.68333 1.64655
   0   328      0.375         45    2   326   326 0.25 0.25
   0   329   0.886364         45    3   326   326   334 0.730769  0.9 0.875
   0   330   0.941176         45    3   325   324   335 0.909091  0.5 0.794118
   0   331        0.5         45    2   337   337 0.25  0.5
   0   332      1.125         45    2   326   336 1.04167 1.125
   0   333    1.89516         45    2   327   337 1.64655 1.46429
   0   334        1.3         46    2   329   338 0.875 0.945946
   0   335   0.972222         46    2   330   339 0.794118 0.785714
   0   336    1.15625         46    2   332   340 1.125 1.13333
   0   337     1.5061         46    5   333   331   331   341   341 1.46429 0.25  0.5 1.54348 1.27885
   0   338   0.948718         47    2   334   346 0.945946    1
   0   339   0.928571         47    4   335   343   342   344 0.785714 0.666667 0.25 0.375
   0   340    1.26471         47    2   336   346 1.13333 1.28125
   0   341    1.51351         47    4   337   337   345   347 1.54348 1.27885 1.29661 1.1875
   0   342   0.333333         48    2   339   348 0.25 0.333333
   0   343        0.7         48    2   339   349 0.666667  0.5
   0   344        0.4         48    2   339   350 0.375 0.25
   0   345    1.53448         48    4   341   351   351   351 1.29661 1.40566 0.285714 0.25
   0   346    1.19697         48    3   340   338   352 1.28125    1 0.955882
   0   347    1.19444         48    2   341   353 1.1875 1.05882
   2   348   0.285714         49    1   342 0.333333
   2   349        0.5         49    1   343  0.5
   2   350       0.25         49    1   344 0.25
   2   351    1.46667         49    3   345   345   345 1.40566 0.285714 0.25
   2   352    1.04412         49    1   346 0.955882
   2   353    1.11364         49    1   347 1.05882
